 6.00
 5.00
 6.05
 5.02
 6.10
 6.15
 5.04
 6.20
 5.06
 6.26
 5.08
 6.31
 5.11
 5.13
 6.37
 5.16
 6.42
 5.18
 6.48
 5.21
 6.53
 5.23
 6.59
 5.26
 6.64
 5.28
 5.31
 6.70
 5.34
 6.76
 6.82
 5.37
 5.40
 6.88
 5.43
 6.94
 5.46
 7.00
 5.50
 7.07
 5.53
 7.13
 5.56
 7.19
 5.60
 7.26
 5.63
 7.32
 5.67
 7.39
 5.70
 7.45
 5.74
 7.52
 7.59
 7.66
 7.73
 7.80
 7.87
 7.94
 8.01
 5.78
 8.09
 5.82
 8.16
 5.86
 8.24
 8.31
 5.90
 8.39
 5.94
 8.47
 5.98
 8.54
 6.02
 8.62
 6.07
 8.70
 6.11
 8.78
 6.16
 6.20
 8.87
 6.25
 6.30
 8.95
 6.34
 9.03
 6.39
 9.12
 6.44
 9.20
 6.49
 9.29
 6.55
 9.38
 6.60
 9.46
 6.65
 9.55
 6.71
 9.64
 6.76
 6.82
 9.73
 6.88
 9.82
 6.93
 9.92
 6.99
 10.01
 7.05
 10.10
 7.11
 10.20
 7.17
 7.24
 10.30
 7.30
 10.39
 7.36
 10.49
 7.43
 10.59
 7.50
 10.69
 7.56
 7.63
 10.79
 10.89
 7.70
 11.00
 7.77
 7.84
 11.10
 7.91
 11.21
 7.99
 11.31
 8.06
 8.14
 11.42
 8.21
 11.53
 8.29
 8.37
 11.64
 8.45
 11.75
 8.53
 11.86
 8.61
 11.97
 8.69
 8.78
 12.09
 8.86
 12.20
 8.95
 12.32
 9.03
 12.43
 9.12
 12.55
 12.67
 9.21
 12.79
 9.30
 12.91
 9.39
 13.03
 9.48
 13.15
 9.57
 13.28
 13.40
 9.67
 13.53
 9.76
 13.66
 9.86
 13.79
 9.96
 13.92
 10.06
 10.16
 14.05
 10.26
 14.18
 10.36
 14.31
 10.46
 14.45
 10.57
 14.59
 10.68
 14.72
 10.78
 14.86
 10.89
 15.00
 11.00
